Sink
s1 1 1 51 51
s2 2 2 52 52
s3 3 3 53 53
s4 4 4 54 54
s5 5 5 55 55
s6 6 6 56 56
s7 7 7 57 57
s8 8 8 58 58
s9 9 9 59 59
s10 10 10 60 60 
s11 11 11 61 61
s12 12 12 62 62
s13 13 13 63 63
s14 14 14 64 64
s15 15 15 65 65
s16 16 16 66 66
s17 17 17 67 67
s18 18 18 68 68
s19 19 19 69 69
s20 20 20 70 70
s21 21 21 71 71
s22 22 22 72 72
s23 23 23 73 73
s24 24 24 74 74
s25 25 25 75 75
s26 26 26 76 76
s27 27 27 77 77
s28 28 28 78 78
s29 29 29 79 79
s30 30 30 80 80
s31 31 31 81 81
s32 32 32 82 82
s33 33 33 83 83
s34 34 34 84 84
s35 35 35 85 85
s36 36 36 86 86
s37 37 37 87 87
s38 38 38 88 88
s39 39 39 89 89
s40 40 40 90 90
s41 41 41 91 91
s42 42 42 92 92
s43 43 43 93 93
s44 44 44 94 94
s45 45 45 95 95
s46 46 46 96 96
s47 47 47 97 97
s48 48 48 98 98
s49 49 49 99 99
s50 50 50 100 100


Source
r 0 0 1000 1000
